level.Level(
    players = [
        p.Player(525.0, 550.0,(245, 0, 0), inverted = False),
    ],
    levelObjects = [
        b.Entity(250, 100, 300, 225, (255, 255, 224)),
        s.Cloud(0, 150, 150, 175),
        b.Entity(0, 0, 100, 50, (255, 255, 224)),
        b.Entity(550, 0, 600, 175, (255, 255, 224)),
        b.Entity(550, 125, 650, 175, (255, 255, 224)),
        b.Entity(600, 450, 650, 650, (255, 255, 224)),
        b.Entity(400, 100, 450, 225, (255, 255, 224)),
        s.Cloud(325, 175, 375, 200),
        b.Entity(175, 275, 225, 425, (255, 255, 224)),
        b.Entity(450, 375, 500, 450, (255, 255, 224)),
        s.Cloud(400, 300, 500, 325),
        b.Coin(375, 500,(20, 240, 20)),
        b.Coin(325, 500,(20, 240, 20)),
        b.Coin(525, 500,(20, 240, 20)),
        b.Coin(225, 500,(20, 240, 20)),
        b.Coin(125, 500,(20, 240, 20)),
        s.Cloud(275, 400, 350, 425),
        b.Entity(325, 0, 375, 50, (255, 255, 224)),
        b.Entity(600, 250, 650, 300, (255, 255, 224)),
        b.Entity(100, 150, 150, 200, (255, 255, 224)),
        s.Cloud(100, 275, 175, 300),
    ],
    background = (20, 20, 20),
    text = "!.Morse Code",
    textLocation = (75, 600),
    textColor = (255, 255, 255),
)